50.0	141.28645275000002
50.1	144.41572575
50.3	142.538049
50.5	141.28644925
50.6	138.782692
50.8	143.7899295
50.9	140.03428474999998
51.0	136.905012
51.2	135.0273315
51.4	133.7751705
51.5	136.27893125000003
51.6	133.14937075000003
51.8	131.2716905
52.0	132.52329025
52.1	129.39372575000002
52.2	132.52357075
52.4	135.02733175
52.5	134.40125125
52.7	128.76792974999998
52.9	131.89749025
53.0	131.89749025
53.1	123.76040850000001
53.3	129.39344525
53.5	127.51604925000001
53.6	126.88996875000001
53.8	123.134324
53.9	121.25664775
54.0	122.50852775000001
54.2	120.63055975
54.4	118.12708675
54.5	117.50129050000001
54.6	120.00505125
54.8	118.75317100000002
55.0	116.249122
55.1	121.88244000000002
55.2	113.745937
55.4	113.1195655
55.5	116.24912225
55.7	116.24941025
55.9	112.493769
56.0	113.745937
56.1	119.37896700000002
56.3	115.62361375
56.5	113.11985299999999
56.6	113.745937
56.8	113.74564925
56.9	117.50129050000001
57.0	115.62361375
57.2	115.62361375
57.4	117.50100275000001
57.5	115.62332599999999
57.6	113.11985299999999
57.8	111.86797275
58.0	113.74564949999998
58.1	113.11985324999999
58.2	113.7453615
58.4	111.8679725
58.5	112.4940565
58.7	110.61609225000001
58.9	110.61609225
59.0	109.36421175
59.1	114.3717335
59.3	113.74564925
59.5	112.493769
59.6	113.745937
59.8	114.37144550000001
59.9	108.11233150000001
60.0	106.86045125
60.2	111.24217625
60.4	109.36421175
60.5	108.11233125000001
60.6	111.86797249999998
60.8	111.24188874999999
61.0	107.4862475
61.1	111.242176
61.2	109.36421175
61.4	114.37173325
61.5	113.745937
61.7	113.12014075
61.9	114.99781750000001
62.0	108.1123315
62.1	113.745937
62.3	116.24941025
62.5	110.61580475
62.6	113.745649
62.8	111.86768475
62.9	113.74564925
63.0	119.37897075
63.2	117.50129050000001
63.4	121.25664725
63.5	118.12737450000002
63.6	118.12708675
63.8	118.1270865
64.0	121.25635949999999
64.1	118.12708675
64.2	117.50129025000001
64.4	119.379255
64.5	120.00476325000001
64.7	123.13460825
64.8	121.88272800000003
65.0	126.26388825
65.2	126.264169
65.3	126.2638845
65.5	127.51604574999999
65.6	129.39372975000003
65.8	132.523571
65.9	133.77517075
66.0	135.6531315
66.2	137.53080824999998
66.3	136.90501175
66.5	138.78268849999998
66.7	141.28616849999997
66.8	141.91253325
67.0	145.667894
67.1	144.41572575
67.2	147.5452825
67.4	152.552804
67.5	148.17136675
67.7	153.17888825000003
67.8	150.04933125
68.0	155.056565
68.2	155.68264875
68.3	160.06408625000003
68.5	159.438006
68.6	164.4455275
68.8	166.94871974999998
68.9	166.94928475000003
69.0	169.4527645
69.2	173.20868625
69.3	172.582606
69.5	177.58984325
69.7	178.841727
69.8	186.35272525000002
70.0	182.59708425000002
70.2	189.4822825
70.3	193.23792350000002
70.5	193.86400749999999
70.6	196.99356475000002
70.8	200.74920600000002
70.9	204.5042785
71.1	211.390045
71.2	212.64164499999998
71.4	216.39757025
71.5	221.4039515
71.7	227.03726924999998
71.8	227.66364075
72.0	234.54855149999997
72.1	238.9302765
72.2	242.06040900000005
72.4	243.31200175
72.6	253.95226549999998
72.7	259.586159
72.9	260.83775149999997
73.0	267.7232375
73.2	273.98179025
73.3	277.73715075
73.5	282.11943725
73.6	289.6301582500001
73.8	293.386087
73.9	298.39304000000004
74.1	305.90489800000006
74.2	315.29356925
74.4	321.5521075
74.5	327.18542525
74.7	337.82626474999995
74.8	344.08537875
75.0	350.34506825
75.1	356.60419675
75.2	367.24502874999996
75.4	374.12995349999994
75.6	388.52672900000005
75.7	396.03801125
75.9	402.29655
76.0	407.92986749999994
76.2	419.19650325
76.3	431.08893524999996
76.5	444.2341175
76.6	456.12655
76.8	466.76683525
76.9	480.5372097499999
77.1	494.307628
77.2	503.0705094999999
77.4	517.466134
77.5	538.1214409999999
77.7	548.7628695
77.8	555.64777325
78.0	577.5552552500001
78.1	590.07348375
78.2	605.721283
78.4	627.0029617499999
78.6	637.01800425
78.7	658.9249325
78.9	674.5732859999999
79.0	692.0990499999999
79.2	707.7479862499999
79.3	728.4027247500001
79.5	745.9296115000001
79.6	760.3252355
79.8	784.7359170000001
79.9	809.7723735000001
80.1	828.55086725
80.2	858.5954420000002
80.4	877.9991562499999
80.5	901.1582307499999
80.7	930.5764334999999
80.8	949.98016175
81.0	978.7719934999999
81.1	1004.4354027499998
81.2	1032.60257
81.4	1055.1352475
81.6	1085.1798025
81.7	1112.0942525000003
81.9	1139.00984
82.0	1172.80919
82.2	1200.9757875
82.3	1232.2724675000002
82.5	1272.33153
82.6	1309.260455
82.8	1339.3050150000001
82.9	1369.34901
83.1	1402.52254
83.2	1443.2079625000001
83.4	1479.5121775
83.5	1514.563735
83.7	1553.9963825
83.8	1584.0409175000002
84.0	1623.474785
84.1	1664.1595550000002
84.2	1700.4632550000001
84.4	1749.2851625
84.6	1783.7109
84.7	1820.013975
84.9	1867.5843300000001
85.0	1907.6439025000002
85.2	1949.58096
85.3	1994.6475049999997
85.5	2033.4549650000001
85.6	2077.8957149999997
85.8	2127.969255
85.9	2168.0276625
86.1	2214.3463524999997
86.2	2263.16831
86.4	2304.479495
86.5	2348.2949675000004
86.7	2393.986845
86.8	2442.80875
87.0	2486.6236599999997
87.1	2525.4311700000003
87.2	2573.6272825
87.4	2616.8152649999997
87.6	2654.3710899999996
87.7	2698.186165
87.9	2738.8708774999996
88.0	2788.3191925
88.2	2815.8594324999995
88.3	2859.0480350000003
88.5	2903.4887375
88.6	2944.7999175000004
88.8	2974.8439949999993
88.9	3004.888525
89.1	3041.8179899999996
89.2	3078.1216675
89.4	3110.0436225000003
89.5	3131.951075
89.7	3156.3623100000004
89.8	3190.16226
90.0	3207.6880525
90.2	3231.473555
90.3	3250.87723
90.5	3268.40296
90.6	3285.9286425000005
90.8	3294.0657800000004
90.9	3314.0947825000003
91.1	3327.2398825
91.2	3330.36951
91.4	3342.2619475
91.5	3336.6280275
91.7	3346.0178775
91.8	3346.643665
92.0	3339.1317524999995
92.1	3330.9952999999996
92.2	3319.1028025
92.4	3330.9952975
92.6	3311.59157
92.7	3297.194835
92.9	3289.684115
93.0	3274.03569
93.2	3246.4954525
93.3	3227.0911549999996
93.5	3208.314355
93.6	3177.643465
93.8	3154.484375
93.9	3135.0807025
94.1	3108.7920425000007
94.2	3075.6179425
94.4	3049.3292774999995
94.5	3015.5299
94.7	2979.8515024999997
94.8	2945.425705
95.0	2906.618875
95.1	2872.8189825
95.2	2829.6297524999995
95.4	2786.4412
95.6	2748.8858925
95.7	2708.2005525
95.9	2666.2635275
96.0	2628.081915
96.2	2581.7637375
96.3	2537.3241199999998
96.5	2494.135005
96.6	2450.32004
96.8	2407.1308075
96.9	2362.6906775
97.1	2315.120355
97.2	2275.6871075000004
97.4	2223.10922
97.5	2190.56153
97.7	2146.1207750000003
97.8	2101.0547475
98.0	2050.9807
98.1	2014.6764550000003
98.2	1965.855115
98.4	1928.29924
98.6	1882.60631
98.7	1842.5484125
98.9	1797.481305
99.0	1758.673875
99.2	1714.2330924999999
99.3	1678.5558024999998
99.5	1633.4898
99.6	1599.6893125000001
99.8	1556.5001375
99.9	1520.1970299999998
100.1	1481.3895725
100.2	1448.8418574999998
100.4	1416.9187650000001
100.5	1377.4854875
100.7	1346.18935
100.8	1309.886215
101.0	1273.583135
101.1	1246.0423575
101.2	1212.2424374999998
101.4	1182.8236674999998
101.6	1154.6570425000002
101.7	1126.491045
101.9	1095.8206924999997
102.0	1067.02768
102.2	1039.4874725
102.3	1014.4509875000001
102.5	987.53599775
102.6	958.1166579999998
102.8	942.46945525
102.9	913.6764729999999
103.1	883.00610925
103.2	859.2212595
103.4	837.9401349999999
103.5	819.162196
103.7	797.8805169999999
103.8	770.3397245
104.0	749.6844035
104.1	732.78501125
104.2	716.5102717499999
104.4	697.732361
104.6	676.45125075
104.7	657.67332575
104.9	645.78088675
105.0	620.7438474999999
105.2	610.10358375
105.3	593.82942675
105.5	576.303677
105.6	565.66281625
105.8	550.0150162499999
105.9	539.3741845
106.1	527.48174525
106.2	511.20701949999994
106.4	494.30705925
106.5	480.53722425
106.7	473.6523135
106.8	459.88191725
107.0	449.8674355
107.1	439.8523925
107.2	426.70836075
107.4	416.69274249999995
107.6	408.555664
107.7	392.90787875
107.9	390.4035425
108.0	377.885314
108.2	369.12243925
108.3	359.10851875
108.5	351.59666799999997
108.6	340.95582175000004
108.8	340.33002525
108.9	327.186001
109.1	318.4225505
109.2	309.034455
109.4	301.52259725
109.5	294.0118905
109.7	294.63768675
109.8	285.87480475
110.0	274.608155
110.2	272.7301905
110.3	266.47106924999997
110.5	262.715716
110.6	256.45660200000003
110.8	252.074301
110.9	238.93027675000002
111.1	232.04479075
111.2	227.03784449999998
111.4	227.66364099999998
111.5	225.78624874999997
111.7	222.03089150000002
111.8	217.02337025000003
112.0	218.27439075
112.1	207.00831975000003
112.2	207.00775149999998
112.4	203.87876275000002
112.6	200.74920575
112.7	194.48980375000002
112.9	188.85619825
113.0	189.4822825
113.2	186.97852149999997
113.3	181.34520025000003
113.5	174.46056675
113.6	173.83448625
113.8	169.45276125
113.9	166.9492845
114.1	162.5675665
114.2	164.44523975
114.4	160.68959525
114.5	159.43829
114.7	151.92700775
114.8	148.79716275
115.0	148.1713665
115.1	148.171651
115.2	145.04180625
115.4	138.156608
115.6	140.66036874999998
115.7	135.65341225
115.9	135.02705074999997
116.0	134.4009705
116.2	136.279212
116.3	125.63808825000001
116.5	129.39401025
116.6	125.63836900000001
116.8	123.76012025
116.9	125.63808125000001
117.1	122.50823625000001
117.2	120.6305595
117.4	117.50129050000001
117.5	119.379255
117.7	120.63084750000002
117.8	116.8752065
118.0	116.87549425
118.1	116.24969800000001
118.2	113.11985299999999
118.4	109.36421175
118.6	106.234367
118.7	105.60857075
118.9	103.730894
119.0	108.738128
119.2	101.227131475
119.3	104.35669027499999
119.5	104.35640277499999
119.6	99.97496349999999
119.8	104.35669052499999
119.9	100.60133495000001
120.1	101.226843975
120.2	96.845690475
120.4	96.84569057499999
120.5	98.097286725
120.7	96.84569057499999
120.8	94.34221749999999
121.0	94.96829989999999
121.1	99.975249425
121.2	93.71584575
121.4	96.84569057499999
121.6	93.09004767500001
121.7	93.09033545
121.9	93.09033545
122.0	88.08281395
122.2	91.838455075
122.3	90.58628692500001
122.5	90.586286925
122.6	91.83874284999999
122.8	90.58628870000001
122.9	89.33469432499999
123.1	86.205137275
123.2	81.8231243
123.4	88.708898025
123.5	86.83093357499999
123.7	88.08281395
123.8	87.45701765
124.0	84.9532569
124.1	84.327172825
124.2	84.95296735000001
124.4	81.197612225
124.6	83.70137475
124.7	81.197612225
124.9	77.44225705000001
125.0	86.830933575
125.2	83.075290675
125.3	78.06805335
125.5	81.82341029999999
125.6	84.952969125
125.8	81.82341029999999
125.9	83.701086975
126.1	81.1976122
126.2	81.197326225
126.4	83.70108875000001
126.5	76.19009070000001
126.7	80.57152992500001
126.8	77.44197104999999
127.0	75.56400839999999
127.1	80.57152992500001
127.2	79.94544585
127.4	79.319647775
127.6	82.44949257500001
127.7	80.57152992500001
127.9	77.44168507500001
128.0	79.31964955000001
128.2	77.441971075
128.3	73.0608178
128.5	75.5640066
128.6	79.31964952499999
128.8	77.44168507500001
128.9	78.69356547500001
129.1	76.19037665
129.2	80.5715299
129.3	74.31212625
129.5	80.57152992500001
129.7	81.19732800000001
129.8	76.815887
130.0	83.07557845
